3783 0.451019519173023 -0.392879964434267 -0.801390495870187
3784 0.726495514378678 -0.526944566046501 -0.441059737339201
3785 0.83141576610519 -0.444510382317455 0.333404174964426
3786 0.41268920363616 -0.19637686047715 0.889451375776827
3787 0.910820625464144 -0.327565298669913 0.25121059558943
3788 0.7739466519523 -0.222869590176798 0.592735797557606
3789 0.60965167754137 -0.0959567731794042 -0.786839964511202
3790 0.19394679072834 -0.0129832676170045 -0.980926132350527
3791 0.973648942790859 0.208656499777243 0.0920336965624607
3792 0.443561631672281 0.105735168130614 -0.889984917360185
3793 0.801896799727097 0.443815825566179 0.399986294220753
3794 0.437944130530812 0.300985395919498 0.847120257092695
3795 0.332480658883349 0.292755130853264 -0.896521636564106
3796 0.69721424620753 0.704351495877692 -0.133346410300854
3797 0.591532325411289 0.643356280375923 0.485985806885725
3798 0.16608412460563 0.580330805500484 0.797265463783012
3799 0.12238655027535 0.759846918200321 -0.638478028763069
3800 -0.107133603037241 0.85500499176149 0.507433596801782
3801 -0.105322357707329 0.838003762015759 -0.535403488795511
3802 -0.145818734296333 0.862512544944849 0.484570950987546
3803 -0.209212260362147 0.977599316936184 -0.0230175072513893
3804 -0.226015435886058 0.963159211655117 0.145744144805644
3805 -0.215944496738171 0.877331870681959 0.428551937359048
3806 -0.278929045966871 0.946950243020622 0.15963653892263
3807 -0.287560587753652 0.835696030393606 0.467890001127554
3808 -0.244605638079013 0.660443250729917 0.709917456036446
3809 -0.49226400781642 0.653313891731422 -0.575201795441616
3810 -0.461967114429412 0.516164756484679 -0.721221414926703
3811 -0.754131349564882 0.566525877312966 -0.33216613002867
3812 -0.751913969826368 0.435853627357077 0.494628140626501
3813 -0.379928099827505 0.181147680616946 0.907105372472549
3814 -0.586382775774688 0.120216289887616 -0.801063845096275
3815 -0.847640581401826 0.0683075442869472 0.526155418250408
3816 -0.482658042475631 -0.109877804142827 -0.868888993019444
3817 -0.182905802950358 -0.0729227418127213 0.980422225866795
3818 -0.310790438558366 -0.164885969804809 -0.936067262680533
3819 -0.665522358774246 -0.65096955275055 -0.36512823961358
3820 -0.604591103947441 -0.661592792796294 -0.443581529763824
3821 -0.380672896806325 -0.630487915160038 0.676441523322031
3822 -0.253572307838665 -0.422426612581076 -0.870205057259868
3823 -0.212653625499906 -0.36453033167145 -0.906584840405601
3824 -0.240607390748177 -0.518467715644489 -0.820548177349593
3825 -0.231139412334892 -0.521732872429932 0.821199964619759
3826 -0.128346726082648 -0.706196553958799 -0.696285534160077
3827 -0.147971310242197 -0.948325485362469 0.280683567665164
3828 -0.0412321783616608 -0.589140417118095 0.806977990025422
3829 0.0699609223667478 -0.532381747383039 -0.843608407020091
3830 0.236292845601135 -0.550668488946402 -0.800580980538012
3831 0.447036049984294 -0.870763452205419 0.20476762516995
3832 0.44704215485224 -0.870760802346989 0.204765565662523
3833 0.0846728213504143 -0.0986262379208492 0.991515697565168
3834 0.438350580994129 -0.400761875568058 0.804511458733362
3835 0.49645163939396 -0.418498616440675 0.760522634627195
3836 0.666936012462282 -0.520423343830916 0.533250315027342
3837 0.783777400596589 -0.429154932953246 0.448908709913218
3838 0.896924218138883 -0.432102420216639 -0.09388527764712
3839 0.956636136800673 -0.27800685166478 -0.086945340269163
3840 0.724877321462856 -0.10470393049429 0.680874405281827
3841 0.987215516269482 -0.0308427707404616 -0.156378540502947
3842 0.910668173095693 0.394618999046256 -0.122308315752787
3843 0.504470343460171 0.23469526651981 -0.830919854403764
3844 0.762518109175012 0.646852939970884 0.0121411379692938
3845 0.433295325345317 0.373506991421366 0.820211977718721
3846 0.591717430022877 0.78952156922888 0.16286858116128
3847 0.346060935502103 0.562761895002301 0.750693598249532
3848 0.417496383053184 0.902380652501088 0.106798539920825
3849 0.371489490662115 0.926747499949353 -0.0559877635312019
3850 0.294391341104963 0.913390640391372 -0.281160588148235
3851 0.130839152595434 0.99091180988614 0.0312234075059472
3852 0.0956804127360699 0.812137577900204 -0.575567383701548
3853 0.0902834468356867 0.833033779854689 -0.545805478946921
3854 0.101376039731638 0.989222160416432 -0.105652335087193
3855 -0.0390478425702611 0.918899984140574 0.392553289550682
3856 -0.0493364000341624 0.939642343137016 0.338582614166244
3857 -0.0707778516574211 0.82210598698986 -0.564917907195539
3858 -0.118826572194188 0.94646513809329 -0.300139947548853
3859 -0.213175771635082 0.976209207956115 -0.0396443273304356
3860 -0.265043583500464 0.875430127622681 -0.404195485496521
3861 -0.273406556726894 0.849213033264371 0.451758872489152
3862 -0.307632263898389 0.931285777064124 -0.195113279012021
3863 -0.331554886120636 0.713212507349093 -0.617575320791199
3864 -0.331213002056253 0.711926854655535 -0.619239938060491
3865 -0.332216401333043 0.710457522894657 0.620388886786111
3866 -0.373906916500863 0.57576907546241 -0.727106312401411
3867 -0.502938869868545 0.628155540188398 0.593694458880974
3868 -0.410699621546292 0.141709522909233 -0.900690974740266
3869 -0.992334226857063 0.111457926350605 0.0533845751281884
3870 -0.866162272843498 -0.189213637429984 0.462559311346231
3871 -0.481667461179137 -0.114227390238501 -0.868877759043553
3872 -0.931050197286904 -0.304982827066902 0.200327245591551
3873 -0.641320090636298 -0.23647359716395 -0.729923817388221
3874 -0.852230914759083 -0.331891067731533 0.404414128201427
3875 -0.850717269761072 -0.399748250376898 0.34129380781209
3876 -0.603607885239401 -0.320224601560733 -0.730146372607636
3877 -0.807398738963316 -0.459826001327144 0.369685440373213
3878 -0.328784405118423 -0.223117280711677 -0.917670689299136
3879 -0.512484465305981 -0.466779540616031 0.720747204838375
3880 -0.318044317500052 -0.36784593604313 -0.873806145230439
3881 -0.396877208489069 -0.557792425494524 0.728941761351934
3882 -0.459380136508189 -0.860405144676169 -0.220619303771222
3883 -0.154740133143125 -0.975895788270854 0.153892500239796
3884 -0.089253913326467 -0.906950299171362 0.411673285250438
3885 0.0076690765074482 -0.921964455673258 -0.387198563712
3886 0.129314293770546 -0.947888489054568 0.291179026965324
3887 0.134282623144064 -0.973079219838116 -0.187309927768905
3888 0.0812955385540903 -0.421940553965393 -0.902971319771884
3889 0.358664005814552 -0.90585588918598 0.22535580525058
3890 0.196341649252417 -0.338758160566827 -0.920159152222169
3891 0.32249572433412 -0.467429598319951 0.82310757401488
3892 0.551448935822603 -0.649129797070605 -0.523960473447372
3893 0.322138947837778 -0.298970548059079 -0.898244459865589
3894 0.0651625355935555 -0.026451395438438 -0.997524018575181
3895 0.983998831864487 0.0641004955198055 -0.16624507620811
3896 0.993293663179572 0.11055334347679 0.0338475543194743
3897 0.448067002882076 0.583505842089824 -0.677315947822963
3898 0.50232792768575 0.758272737671101 0.4155587905119
3899 0.0613229127300387 0.132970532342627 -0.989221076353927
3900 0.22058655051676 0.54618125332136 0.808101238862697
3901 0.304997673387485 0.94720712895139 -0.0988689743644878
3902 0.132810131187525 0.945797014956449 0.296360381214195
3903 -0.258904410607646 0.928988303516867 0.264479182728549
3904 -0.470422491416848 0.877356039555974 -0.0945994684119402
3905 -0.45005061660087 0.678530192587683 -0.58056112532971
3906 -0.717863628725869 0.662472400187028 -0.214014320882891
3907 -0.246365117375374 0.180820784993827 0.9521596886315
3908 -0.471126096484504 0.240635357950333 -0.848607580519635
3909 -0.69998838942122 0.144818070715214 -0.699316795930006
3910 -0.776590406289515 -0.0455166603237505 -0.62835943097248
3911 -0.70299208587022 -0.107279633043455 -0.703059889012237
3912 -0.928925963726204 -0.359159146281818 -0.0900070083796742
3913 -0.784815112207868 -0.453122431790237 -0.422782806484198
3914 -0.732836576501333 -0.618922828706584 0.282639495201299
3915 -0.664324051339533 -0.597946431532403 -0.448479230098223
3916 -0.447819120151405 -0.47784965899609 -0.755723321741589
3917 -0.517456310520624 -0.55588582062157 -0.650561235499216
3918 -0.263688153982295 -0.286504090434261 -0.921077609984005
3919 -0.340338096468724 -0.468223169050563 0.815436719835631
3920 -0.305405154868781 -0.48456904923649 -0.819707586826925
3921 -0.349753754990862 -0.857300480123261 0.377767385635948
3922 -0.356617572761817 -0.93336956880871 -0.0405605081244335
3923 -0.224790490768946 -0.874101367228772 0.430599622699148
3924 -0.088378083750395 -0.544438600952906 -0.834131838563336
3925 -0.0759573308302864 -0.483855451352386 -0.871845391161597
3926 -0.00672238155966183 -0.0524639376232436 0.998600192687359
3927 -0.0293402726064345 -0.993902330296803 0.106288786962523
3928 0.0881641535704182 -0.942195361237852 -0.323256837958743
3929 0.163320803287049 -0.986558230088867 0.00540128295818657
3930 0.282541718753954 -0.85397967732941 -0.436908328911132
3931 0.472348829864637 -0.868710923687154 -0.149090288054319
3932 0.0973807659413631 -0.123201441727158 -0.987592219076792
3933 0.443137989271332 -0.441755613282575 -0.780051729437155
3934 0.621853638068379 -0.587523067713335 0.517797931364962
3935 0.732810077516122 -0.576421423824423 -0.361562902476235
3936 0.515180259874873 -0.38490225463814 0.76579341483832
3937 0.888971172550098 -0.393701122966891 -0.233943754243435
3938 0.915442453008451 -0.395089786506919 0.076610546452741
3939 0.823666994950984 -0.344672115794529 0.450304135026693
3940 0.944864049294387 -0.256727633976205 0.203280226052596
3941 0.739008393306125 -0.147075003615952 -0.657446224367034
3942 0.99876606576647 -0.0459741501186054 0.0187809316658943
3943 0.958504591770326 0.0181109451977033 -0.284501214793972
3944 0.502654198104478 0.155015499930077 0.850475720940564
3945 0.442515231350063 0.214228130933571 0.870796519251145
3946 0.637652459356477 0.5208762744084 -0.567527310210762
3947 0.726400053759062 0.634514423905023 0.264072731941994
3948 0.110593598365354 0.0994000638026062 0.988882542730248
3949 0.594146570703674 0.661243002810296 0.457982034315198
3950 0.360310899105628 0.402111615745192 -0.841713908919465
3951 0.168196953809941 0.424632058305085 -0.889605193211372
3952 0.335966381581513 0.900467908040514 0.276195830953628
3953 0.321627216107439 0.935248677155582 -0.147871044284246
3954 0.0564748029545169 0.984602855836855 0.165432200339468
3955 -0.0772772209509996 0.930842705954036 -0.357155551397789
3956 -0.0523154270772741 0.492973622757539 -0.868469978384417
3957 -0.121343561414452 0.597820486027577 -0.792392836028323
3958 -0.208365718216342 0.932885562717797 -0.293782665153829
3959 -0.219966360936712 0.975461780839648 0.00944003058276181
3960 -0.319488317186348 0.826281548549105 0.463881469460388
3961 -0.323284237388947 0.789406846622794 -0.521846847610392
3962 -0.357315430055127 0.816115775789041 -0.454181377813723
3963 -0.335701254760257 0.730440571458035 -0.594778310902851
3964 -0.227384200851345 0.440477923415732 -0.868490428379358
3965 -0.185871150227849 0.358263322613442 -0.914931312822418
3966 -0.241608188627217 0.423401681717181 -0.873130287590196
3967 -0.259776454521288 0.44390350066083 0.857593071204175
3968 -0.120655072638837 0.136472690380805 -0.983268812800824
3969 -0.340192426594447 0.359080763370936 -0.869097300803959
3970 -0.509865992874997 0.460875571369207 -0.726381702016715
3971 -0.367310855225605 0.293603957779229 -0.88254147302538
3972 -0.430420980886026 0.271047668020177 -0.860970929168886
3973 -0.889704240209123 0.449392333731211 0.0804543058979645
3974 -0.786207442831118 0.176754188007686 0.592145095275388
3975 -0.824522397407424 0.183207860432124 -0.535348200752928
3976 -0.715658119714859 -0.244789211529479 0.654149598796
3977 -0.32152153318155 -0.50526191020141 -0.800833506916517
3978 -0.338455066508443 -0.9381011470467 0.0735826464897217
3979 -0.0182500186489823 -0.497183409226346 -0.867453511382241
3980 0.153372806609139 -0.904109227997002 -0.398827388783042
3981 0.426779157002432 -0.536948073055778 0.727699332135175
3982 0.657345744699455 -0.68789142703368 -0.307736830001035
3983 0.587316120507473 -0.473846600654047 -0.656147219487103
3984 0.805251724850544 -0.588849865327732 -0.0694657881891271
3985 0.766136588943356 -0.541352490797897 0.346370044589819
3986 0.796843322385712 -0.500000336432777 0.339176035616331
3987 0.525016983286217 -0.297514897821094 0.797397048424149
3988 0.870045340961566 -0.449910971993902 0.20149744899272
3989 0.306670659097536 -0.134656144274497 -0.942242447386981
3990 0.774628697160867 -0.133496195166933 0.618165954587286
3991 0.0871129488683331 0.00507134809495596 -0.996185532703604
3992 0.753132273130351 0.241700258714332 0.611860085401013
3993 0.795307342829885 0.336445123621172 -0.504272653663077
3994 0.74871555356045 0.384344594538584 0.540096521471524
3995 0.842976966502264 0.452324950619757 -0.291190612818261
3996 0.747015931351664 0.50276675979381 0.434962968025141
3997 0.771316333743679 0.625054288713874 0.119909338504568
3998 0.317432310473229 0.26074446055141 0.911728607952707
3999 0.213847859004759 0.323136822162348 0.921874008399141
4000 0.437776748633996 0.699877733190403 0.564378132938999
4001 0.277623638428915 0.451807015649303 0.84781810313036
4002 0.4270830433365 0.834623963008462 -0.347854731844319
4003 0.335294349908723 0.758639032336421 0.558609449915543
4004 0.266859708204736 0.928141516899891 0.259498016839535
4005 0.241504375496658 0.873152347622598 0.423415415941737
4006 0.164431273586724 0.97543724264649 0.146576061909371
4007 -0.0230744053634309 0.86781741031515 -0.49634717101141
4008 -0.0281843215693206 0.927978180582853 -0.371567141146542
4009 -0.04527441014159 0.840354494621316 0.540143083965798
4010 -0.0746999143130001 0.662635768840403 -0.745207193104655
4011 -0.123235969721197 0.791404113948596 -0.598742368796558
4012 -0.178326262188378 0.983933438038764 0.00864486686644942
4013 -0.218228862075232 0.723745066993929 -0.654652000500497
4014 -0.352595723667225 0.90507774926036 -0.237719421683183
4015 -0.329444696252636 0.842578898205172 -0.426059846043213
4016 -0.396019331028809 0.489623330606129 -0.776812515075328
4017 -0.344342276407224 0.342059001979652 -0.874313465436382
4018 -0.553333073458371 0.277491623032844 -0.78537946813226
4019 -0.718887897864611 0.297378250166707 0.628304358278364
4020 -0.511992121803449 0.176987342358722 0.84055906862992
4021 -0.970269447583209 0.197268790290513 0.140222050562285
4022 -0.96874723271927 0.149181908780622 0.198175571631137
4023 -0.226494356092667 -0.00519125637933484 0.973998643487439
4024 -0.773945547366956 -0.0804769068833524 -0.628117630041818
4025 -0.546885475637082 -0.0717641961826086 -0.834125995688581
4026 -0.758048156692914 -0.120121329145022 -0.641041229890019
4027 -0.940181467142752 -0.292866612602566 0.174034353114556
4028 -0.705025891110569 -0.226182641801112 -0.672145747149841
4029 -0.780020709692709 -0.277991187109505 0.560614477461947
4030 -0.388940858663427 -0.181734946187475 -0.903159685657189
4031 -0.647288455369005 -0.592991954770965 0.478934439274226
4032 -0.708668291761041 -0.674744931317283 -0.206175968323477
4033 -0.534628093948774 -0.748143536318919 -0.393006425170025
4034 -0.253839111529029 -0.505682423309387 -0.824530770932231
4035 -0.380290707806474 -0.786200311529069 0.487101681076596
4036 -0.310540109181605 -0.733732184634241 -0.604319387262515
4037 -0.055753700358465 -0.680716109305272 -0.730422551287014
4038 -0.0127156298660849 -0.88231957263976 -0.470478994742485
4039 0.145370563402264 -0.93876460014688 0.312391460842284
4040 0.26139292409453 -0.873483483871106 0.41073147266518
4041 0.378495715531493 -0.924977081585338 0.0340351563265753
4042 0.383558124090309 -0.700552913384651 0.601754751533048
4043 0.49271943067631 -0.819182660531241 0.293542724861255
4044 0.619240193546775 -0.734447501794803 -0.27772009254558
4045 0.820050937459848 -0.436770775668178 0.369794198836925
4046 0.400803302752523 -0.203395923220259 0.893301075181289
4047 0.889278317314379 -0.429529711865593 -0.157125112503276
4048 0.910494628944122 -0.404832576475785 -0.0843215019309061
4049 0.236248391090725 -0.0892518584950583 0.967585036811867
4050 0.938544903954933 -0.280334642895654 -0.201360252415395
4051 0.726940544540009 -0.181266893535911 -0.662344138655817
4052 0.730885342351462 -0.129290331857007 0.670142243426045
4053 0.890313956582285 0.00842720969806103 0.455269196027474
4054 0.479890654780981 0.0106859787371913 0.877263226923544
4055 0.488811189329807 0.0784168467845548 0.868858112309684
4056 0.661512363081157 0.133864605875341 -0.737890005884768
4057 0.917779981601917 0.222827666017046 0.328675731729894
4058 0.860728402423924 0.27272579347484 0.429845622095048
4059 0.885477166645508 0.421152781247891 -0.196368332978128
4060 0.6091141852185 0.437847738026767 0.661263387516991
4061 0.755069260394461 0.63474155011381 -0.164236343622473
4062 0.667094291165109 0.656049845740802 0.352964313491309
4063 0.476261275646292 0.488601687988581 -0.731056487430675
4064 0.523162839134912 0.648913164725161 0.552460268611846
4065 0.457449629677807 0.615866188864381 0.641442650375932
4066 0.132903226683286 0.989304281394265 -0.0601146500625852
4067 0.0427814056093065 0.984266254556994 0.17143421908837
4068 -0.0193652301823162 0.813746784911573 -0.580896856512466
4069 -0.153242398867311 0.988066486533952 0.0155365819228042
4070 -0.222952953956832 0.910348226686794 -0.348651812687288
4071 -0.223578861378624 0.575292739217449 0.786797786568012
4072 -0.418129827826629 0.877966678294844 0.233113617975424
4073 -0.354880101006867 0.726313103319258 -0.588667469677156
4074 -0.537547326773515 0.765210484647125 0.354253843542677
4075 -0.62216777340426 0.781983243797394 -0.0375428842430931
4076 -0.735765829213809 0.61983449338839 -0.272862319434682
4077 -0.444423903731641 0.308203231163812 -0.841129099539491
4078 -0.828576558957055 0.54755291710869 0.116819043450327
4079 -0.600388395016272 0.366859048456778 -0.710597082526499
4080 -0.942629119142954 0.295849581908262 -0.154671809417505
4081 -0.597400248450426 -0.0456877519002686 0.800640726217239
4082 -0.964172462408064 -0.256810555473816 -0.0664815864070646
4083 -0.537549634600006 -0.781495730644948 0.316709351496162
4084 -0.297080670147015 -0.476704718621139 0.827342544940934
4085 -0.0922679028990524 -0.341758377525819 -0.935247478203246
4086 -0.109007571816013 -0.979990725942424 0.166539864157555
4087 0.0715321977908871 -0.951692015254853 -0.298605848535092
4088 0.149250283470228 -0.680872469718926 -0.717033494937933
4089 0.355001612154574 -0.609920538896847 -0.708498970782197
4090 0.269643798558698 -0.409479336870006 0.871561182347709
4091 0.470330468395739 -0.285724000447803 0.834955715033288
4092 0.839126234115775 -0.441564311056837 -0.317628906775782
4093 0.986115921618492 -0.037218544507516 0.161833769885195
4094 -0.201477308791162 0.532719548396449 0.821959108957711
4095 0.836072414108807 0.0759364073221827 0.543338366406489
4096 0.458851889788489 0.321006737856305 -0.828498411276923
4097 0.768490977423693 0.625563657120452 0.134505496201689
4098 0.653298301315669 0.642530143399101 -0.400445182667481
4099 0.241651513896693 0.317390430153146 -0.916988473580032
4100 0.372222471297406 0.827214493032712 -0.420911646759609
4101 0.244958886935148 0.880469801797835 0.405916336002352
4102 0.220968751295866 0.963573352643285 -0.150662553497956
4103 0.0702672728437462 0.754787448828147 -0.652195076229957
4104 0.00431073632195944 0.71890770714938 -0.695092170977046
4105 -0.257149105120021 0.741233361555828 -0.620038258055597
4106 -0.470149239700001 0.839590384882287 0.272117030012319
4107 -0.431614292886581 0.724979082094211 -0.536762920386508
4108 -0.534062157446188 0.568716916983569 -0.625570683712582
4109 -0.503936473299916 0.23866231151518 -0.830113445223166
4110 -0.697075422653956 0.186814580816687 -0.69223274086545
4111 -0.593299195755577 0.0865851725707069 -0.800311859344022
4112 -0.932552239737913 -0.0610943155024314 -0.355828336101963
4113 -0.112006197925349 -0.0243759026957682 0.993408489491646
4114 -0.281397108553124 -0.111036006788306 0.953145672231925
4115 -0.804237848843293 -0.399292096493429 -0.440190077314102
4116 -0.688333392435937 -0.609590244086544 -0.393188091340698
4117 -0.615838025252738 -0.663839268556415 0.424335895459355
4118 -0.581124857415577 -0.761961668569176 -0.285846664708551
4119 -0.391125594823437 -0.70071782511648 0.596670175757129
4120 0.755561648776932 -0.24482665260358 0.607607196363251
4121 0.680657824178014 -0.202688914755172 0.704004353836411
4122 0.397592266856214 0.0737917052785788 0.914590166997337
4123 0.683386031579818 0.658834409379847 0.314516697265339
4124 0.356321979673151 0.409178056173487 0.84000474114608
4125 0.405097177650492 0.53088058689512 0.744353463831196
4126 0.50675812711769 0.784792692570494 -0.356786533221371
4127 0.0521920477609244 0.283123786122663 0.957662211785601
4128 0.139174050820092 0.931154301932612 -0.337019657543467
4129 -0.0624395498533481 0.526196289003996 -0.848067667142507
4130 -0.119087911715301 0.835368399580999 0.536635543236534
4131 -0.313668425211698 0.607627806344951 -0.729657843089236
4132 -0.359166696595939 0.557425379028053 -0.748516019115017
4133 -0.675493472033112 0.683008419513684 -0.277863398298643
4134 -0.828865252524542 0.398717470800416 0.392436965175231
4135 -0.540792448406365 0.0877453966613271 -0.836566956741297
4136 -0.902248651003086 0.120210976824053 -0.414121591823124
4137 -0.880006069433888 0.0913308560340814 0.466098693943247
4138 -0.679115146004139 -0.237929181468968 -0.694400693456799
4139 -0.790406289078164 -0.363133244739885 -0.493347894239318
4140 -0.600538749903295 -0.334013983406032 -0.726490102309607
4141 -0.554878393181638 -0.415112841011322 -0.720965531775044
4142 -0.452881289318272 -0.374169318493131 0.809256361657915
4143 -0.541173378764724 -0.760600456889425 -0.358633962552307
4144 -0.411594252437003 -0.694275824604217 -0.590399229954579
4145 -0.495293813382133 -0.865288935265233 0.0771951872395251
4146 -0.41765765998374 -0.816472664148178 0.398665859781952
4147 -0.245647024737513 -0.641493918051101 0.726734540489893
4148 -0.21078411639882 -0.722875032697595 -0.658043876482731
4149 0.0981293978121936 -0.861946556687101 0.497412057252603
4150 0.172072856240609 -0.975712753711584 -0.135556461999256
4151 0.176124055348331 -0.888947791642834 -0.422790894959891
4152 0.196205519735785 -0.975867081222042 0.0958479723957831
4153 0.351671121650029 -0.936113254332922 0.00440423201434534
4154 0.343637061775697 -0.840469537591813 0.418956472863673
4155 0.313753999833842 -0.510844688975289 0.800372495363256
4156 0.547354164875283 -0.77911850360639 0.305577773294821
4157 0.762739131916145 -0.633910833361419 0.12800809345833
4158 0.795393990789297 -0.302973385960573 -0.524933830892866
4159 0.730538180865343 -0.215991675859674 0.647812906831351
4160 0.216915693158547 -0.0253604058424988 -0.9758608670692
4161 0.710690250008508 -0.0698902379926266 0.70002480182932
4162 0.801337994271454 0.305664570797235 -0.514224259536971
4163 0.311275098758264 0.130894781936201 0.941262114904721
4164 0.820549345489103 0.427801225443075 0.379057888886127
4165 0.704142046601478 0.636993978331709 0.313723843175847
4166 0.690540945122325 0.702302972558054 -0.172984790792969
4167 0.613511658454636 0.722697914986842 -0.318294154225166
4168 0.242089055033355 0.378579757819842 0.893347780207757
4169 0.255753990131655 0.802809454910784 0.538597136677857
4170 0.241583093007631 0.783698540634891 -0.572236145817099
4171 -0.045822469121848 0.909383850333102 0.413426310334647
4172 -0.0605007620582023 0.996032990357938 -0.0652528919589015
4173 -0.0635100284987956 0.994797631426992 -0.0796501650175873
4174 -0.110883339564794 0.808988791443954 -0.577271184388247
4175 -0.321016265556103 0.936849153315957 0.138788404341241
4176 -0.366924156000204 0.840646236814136 -0.398347296054297
4177 -0.716559167909772 0.428038730401054 -0.550750219392702
4178 -0.322091232323248 0.168559207026759 -0.931582004864307
4179 -0.550416771458695 0.00967098739337209 0.83483402524084
4180 -0.681564294364648 -0.124423767037785 -0.721102516181539
4181 -0.618223108307965 -0.629697551540897 -0.470405337913418
4182 -0.498322923824264 -0.537449265420298 -0.680310628088683
4183 -0.403035208223046 -0.90715399876577 0.120972077174363
4184 -0.142797183609837 -0.919772598001723 -0.365550724685727
4185 0.0306562492349156 -0.897524601943996 0.439897469063097